Iteration	CPUTime	PhysTime	Travels	Value	AvValue	MinValue	MaxValue	Delta	Criteria	Progress	dGMaxMin	CriteriaType	CriteriaVarType	CriteriaPercentage
1	2	0	0.019673866	0.000702488445	0.000702488445	0.000702488445	0.000702488445	0	0	0	0	0	0	3
2	3	0	0.0393477321	0.000619688104	0.000661088274	0.000619688104	0.000702488445	4.14001706e-005	0	0	0	0	0	3
3	3	0	0.0590215981	0.000647769235	0.000656648595	0.000619688104	0.000702488445	4.58398503e-005	0	0	0	0	0	3
4	4	0	0.0786954642	0.000674561324	0.000661126777	0.000619688104	0.000702488445	4.58398503e-005	0	0	0	0	0	3
5	5	0	0.0983693302	0.000699774543	0.00066885633	0.000619688104	0.000702488445	4.58398503e-005	0	0	0	0	0	3
6	5	0	0.118043196	0.000722881999	0.000677860608	0.000619688104	0.000722881999	4.58398503e-005	0	0	0	0	0	3
7	6	0	0.137717062	0.000753438421	0.000688657439	0.000619688104	0.000753438421	4.58398503e-005	0	0	0	0	0	3
8	7	0	0.157390928	0.000779773806	0.000700046985	0.000619688104	0.000779773806	4.58398503e-005	0	0	0	0	0	3
9	7	0	0.177064794	0.000803786381	0.000711573584	0.000619688104	0.000803786381	5.49249897e-005	0	0	0	0	0	3
10	8	0	0.19673866	0.000825757551	0.000722991981	0.000619688104	0.000825757551	6.63433863e-005	0	0	0	0	0	3
11	9	0	0.216412526	0.000845153868	0.000734097607	0.000619688104	0.000845153868	7.74490124e-005	0	0	0	0	0	3
12	10	0	0.236086393	0.000872368642	0.000745620193	0.000619688104	0.000872368642	8.89715987e-005	0	0	0	0	0	3
13	11	0	0.255760259	0.000896364955	0.000757215944	0.000619688104	0.000896364955	0.00010056735	0	0	0	0	0	3
14	12	0	0.275434125	0.000918449988	0.000768732662	0.000619688104	0.000918449988	0.000112084067	0	0	0	0	0	3
15	13	0	0.295107991	0.000938189798	0.000780029804	0.000619688104	0.000938189798	0.000123381209	0	0	0	0	0	3
16	14	0	0.314781857	0.000956625264	0.00079106702	0.000619688104	0.000956625264	0.000134418426	0	0	0	0	0	3
17	14	0	0.334455723	0.000982062626	0.000802302056	0.000619688104	0.000982062626	0.000145653461	0	0	0	0	0	3
18	15	0	0.354129589	0.00100449195	0.000813534828	0.000619688104	0.00100449195	0.000156886233	0	0	0	0	0	3
19	16	0	0.373803455	0.00102544072	0.00082468777	0.000619688104	0.00102544072	0.000168039175	0	0	0	0	0	3
20	16	0	0.393477321	0.00104385568	0.000835646165	0.000619688104	0.00104385568	0.000178997571	0	0	0	0	0	3
21	17	0	0.413151187	0.00106108841	0.00084638151	0.000619688104	0.00106108841	0.000189732916	0	0	0	0	0	3
22	18	0	0.432825053	0.00108377447	0.0008571721	0.000619688104	0.00108377447	0.000200523505	0	0	0	0	0	3
23	18	0	0.452498919	0.0011039463	0.000867901413	0.000619688104	0.0011039463	0.000211252818	0	0	0	0	0	3
24	19	0	0.472172785	0.00112164572	0.000878474092	0.000619688104	0.00112164572	0.000221825497	0	0	0	0	0	3
25	20	0	0.491846651	0.0011377871	0.000888846613	0.000619688104	0.0011377871	0.000232198018	0	0	0	0	0	3
26	20	0	0.511520517	0.00115252152	0.000898987955	0.000619688104	0.00115252152	0.00024233936	0	0	0	0	0	3
27	21	0	0.531194383	0.00117206329	0.000917048526	0.000619688104	0.00117206329	0.000260399931	0	0	0	0	0	3
28	22	0	0.550868249	0.00118937396	0.00093895952	0.000647769235	0.00118937396	0.000282310926	0	0	0	0	0	3
29	22	0	0.570542115	0.0012045928	0.000960375811	0.000674561324	0.0012045928	0.000299249034	0	0	0	0	0	3
30	23	0	0.590215981	0.00121846547	0.000981295201	0.000699774543	0.00121846547	0.000312438871	0	0	0	0	0	3
31	24	0	0.609889847	0.00123052187	0.00100170856	0.000722881999	0.00123052187	0.000323847951	0	0	0	0	0	3
32	24	0	0.629563713	0.0012458024	0.00102182088	0.000753438421	0.0012458024	0.000333163444	0	0	0	0	0	3
33	25	0	0.649237579	0.00125829119	0.0010412383	0.000779773806	0.00125829119	0.000341191312	0	0	0	0	0	3
34	26	0	0.668911446	0.00126909036	0.00106005816	0.000803786381	0.00126909036	0.00034848458	0	0	0	0	0	3
35	26	0	0.688585312	0.00127778226	0.00107828878	0.000825757551	0.00127778226	0.000355296794	0	0	0	0	0	3
36	27	0	0.708259178	0.00128540625	0.00109596757	0.000845153868	0.00128540625	0.000361869964	0	0	0	0	0	3
37	28	0	0.727933044	0.0012938354	0.00111322455	0.000872368642	0.0012938354	0.00036760436	0	0	0	0	0	3
38	29	0	0.74760691	0.00130065007	0.00112969692	0.000896364955	0.00130065007	0.000372480972	0	0	0	0	0	3
39	29	0	0.767280776	0.00130608779	0.00114545549	0.000918449988	0.00130608779	0.000376722825	0	0	0	0	0	3
40	30	0	0.786954642	0.00131094885	0.0011605516	0.000938189798	0.00131094885	0.000372759053	0	0	0	0	0	3
41	31	0	0.806628508	0.00131461219	0.00117502938	0.000956625264	0.00131461219	0.000357986925	0	0	0	0	0	3
42	31	0	0.826302374	0.00131846498	0.00118894629	0.000982062626	0.00131846498	0.000336402352	0	0	0	0	0	3
43	32	0	0.84597624	0.00132122828	0.00120199113	0.00100449195	0.00132122828	0.000316736336	0	0	0	0	0	3
44	33	0	0.865650106	0.00132333641	0.00121425437	0.00102544072	0.00132333641	0.000297895689	0	0	0	0	0	3
45	33	0	0.885323972	0.00132526134	0.00122578594	0.00104385568	0.00132526134	0.000281405656	0	0	0	0	0	3
46	34	0	0.904997838	0.00132649257	0.00123665659	0.00106108841	0.00132649257	0.000265404155	0	0	0	0	0	3
47	35	0	0.924671704	0.00132778917	0.00124691431	0.00108377447	0.00132778917	0.000244014697	0	0	0	0	0	3
48	35	0	0.94434557	0.00132840039	0.001256323	0.0011039463	0.00132840039	0.000224454093	0	0	0	0	0	3
49	36	0	0.964019436	0.00132918321	0.00126498596	0.00112164572	0.00132918321	0.000207537493	0	0	0	0	0	3
50	37	0	0.983693302	0.00132900529	0.00127296132	0.0011377871	0.00132918321	0.000191396108	0	0	0	0	0	3
51	37	0	1.00336717	0.00132973461	0.00128034392	0.00115252152	0.00132973461	0.000177213089	2.04589612e-005	11.5	0	0	0	3
52	38	0	1.02304103	0.00132952849	0.00128715188	0.00117206329	0.00132973461	0.000157671318	2.04589612e-005	12.9	0	0	0	3
53	39	0	1.0427149	0.00132992898	0.00129322364	0.00118937396	0.00132992898	0.000140555019	2.04618767e-005	14.5	0	0	0	3
54	39	0	1.06238877	0.00132985488	0.00129862675	0.0012045928	0.00132992898	0.000125336183	2.04589612e-005	16.3	0	0	0	3
55	40	0	1.08206263	0.00132990821	0.00130344657	0.00121846547	0.00132992898	0.000111463513	2.04589612e-005	18.3	0	0	0	3
56	41	0	1.1017365	0.00132945018	0.00130771522	0.00123052187	0.00132992898	9.94071134e-005	2.04589612e-005	20.5	0	0	0	3
57	41	0	1.12141036	0.00132968871	0.00131152933	0.0012458024	0.00132992898	8.41265793e-005	2.04589612e-005	24.3	0	0	0	3
58	42	0	1.14108423	0.00132915113	0.00131473505	0.00125829119	0.00132992898	7.16377883e-005	2.04589612e-005	28.5	0	0	0	3
59	43	0	1.1607581	0.00132959594	0.00131747754	0.00126909036	0.00132992898	6.08386238e-005	2.04589612e-005	33.6	0	0	0	3
60	43	0	1.18043196	0.00132925155	0.00131979143	0.00127778226	0.00132992898	5.21467218e-005	2.04589612e-005	39.2	0	0	0	3
61	44	0	1.20010583	0.00132916337	0.00132176762	0.00128540625	0.00132992898	4.45227242e-005	2.04589612e-005	45.9	0	0	0	3
62	45	0	1.21977969	0.00132848444	0.00132342448	0.0012938354	0.00132992898	3.60935838e-005	2.04589612e-005	56.6	0	0	0	3
63	45	0	1.23945356	0.00132905281	0.00132477899	0.00130065007	0.00132992898	2.92789039e-005	2.04589612e-005	69.8	0	0	0	3
64	46	0	1.25912743	0.00132873429	0.00132585916	0.00130608779	0.00132992898	2.38411889e-005	2.04589612e-005	85.8	0	0	0	3
65	47	0	1.27880129	0.00132868166	0.00132672815	0.00131094885	0.00132992898	1.8980127e-005	2.04589612e-005	100	0	0	0	3
66	48	0	1.29847516	0.00132808421	0.0013273872	0.00131461219	0.00132992898	1.53167896e-005	2.04589612e-005	100	0	0	0	3
67	48	0	1.31814903	0.00132850613	0.00132792158	0.00131846498	0.00132992898	1.14640005e-005	2.04589612e-005	100	0	0	0	3
68	49	0	1.33782289	0.00132835859	0.00132830211	0.00132122828	0.00132992898	8.70069528e-006	2.04589612e-005	100	0	0	0	3
69	50	0	1.35749676	0.00132843823	0.00132857941	0.00132333641	0.00132992898	6.59256838e-006	2.04589612e-005	100	0	0	0	3
70	50	0	1.37717062	0.0013278871	0.00132875444	0.00132526134	0.00132992898	4.66763788e-006	2.04589612e-005	100	0	0	0	3
71	51	0	1.39684449	0.00132818036	0.00132886671	0.00132649257	0.00132992898	3.43641383e-006	2.04589612e-005	100	0	0	0	3
72	52	0	1.41651836	0.00132825153	0.00132893436	0.00132778917	0.00132992898	2.13980841e-006	2.04589612e-005	100	0	0	0	3
73	53	0	1.43619222	0.001328605	0.00132896574	0.0013278871	0.00132992898	2.04187915e-006	2.04589612e-005	100	0	0	0	3
74	53	0	1.45586609	0.00132829967	0.00132896187	0.0013278871	0.00132992898	2.04187915e-006	2.04589612e-005	100	0	0	0	3
75	54	0	1.47553995	0.00132880764	0.00132894742	0.0013278871	0.00132992898	2.04187915e-006	2.04589612e-005	100	0	0	0	3
76	55	0	1.49521382	0.00132875819	0.00132893792	0.0013278871	0.00132992898	2.04187915e-006	2.04589612e-005	100	0	0	0	3
77	55	0	1.51488769	0.00132895749	0.00132890803	0.0013278871	0.00132992898	2.04187915e-006	2.04589612e-005	100	0	0	0	3
78	56	0	1.53456155	0.00132838314	0.00132886398	0.0013278871	0.00132992898	2.04187915e-006	2.04589612e-005	100	0	0	0	3
79	57	0	1.55423542	0.0013286732	0.00132881568	0.0013278871	0.00132990821	2.02111098e-006	2.04589612e-005	100	0	0	0	3
80	57	0	1.57390928	0.00132851075	0.00132876398	0.0013278871	0.00132990821	2.02111098e-006	2.04589612e-005	100	0	0	0	3
81	58	0	1.59358315	0.00132903433	0.00132873037	0.0013278871	0.00132968871	1.80160773e-006	2.04589612e-005	100	0	0	0	3
82	59	0	1.61325702	0.00132823011	0.00132868344	0.0013278871	0.00132968871	1.80160773e-006	2.04589612e-005	100	0	0	0	3
83	59	0	1.63293088	0.00132851684	0.00132863837	0.0013278871	0.00132959594	1.7088359e-006	2.04589612e-005	100	0	0	0	3
84	60	0	1.65260475	0.00132808997	0.00132859756	0.0013278871	0.00132959594	1.7088359e-006	2.04589612e-005	100	0	0	0	3
