Iteration	CPUTime	PhysTime	Travels	Value	AvValue	MinValue	MaxValue	Delta	Criteria	Progress	dGMaxMin	CriteriaType	CriteriaVarType	CriteriaPercentage
1	2	0	0.019673866	293.200022	293.200022	293.200022	293.200022	0	0	0	0.408936	0	0	3
2	3	0	0.0393477321	293.200024	293.200023	293.200022	293.200024	9.11604616e-007	0	0	0.406415	0	0	3
3	3	0	0.0590215981	293.200026	293.200024	293.200022	293.200026	1.73985887e-006	0	0	0.400567	0	0	3
4	4	0	0.0786954642	293.200027	293.200025	293.200022	293.200027	2.52923667e-006	0	0	0.394036	0	0	3
5	5	0	0.0983693302	293.200029	293.200026	293.200022	293.200029	3.28726742e-006	0	0	0.387971	0	0	3
6	5	0	0.118043196	293.200031	293.200026	293.200022	293.200031	4.13670335e-006	0	0	0.379631	0	0	3
7	6	0	0.137717062	293.200033	293.200027	293.200022	293.200033	5.01716903e-006	0	0	0.372488	0	0	3
8	7	0	0.157390928	293.200034	293.200028	293.200022	293.200034	5.90691673e-006	0	0	0.367285	0	0	3
9	7	0	0.177064794	293.200036	293.200029	293.200022	293.200036	6.79137298e-006	0	0	0.363886	0	0	3
10	8	0	0.19673866	293.200038	293.20003	293.200022	293.200038	7.66088658e-006	0	0	0.363695	0	0	3
11	9	0	0.216412526	293.20004	293.200031	293.200022	293.20004	8.58914393e-006	0	0	0.363134	0	0	3
12	10	0	0.236086393	293.200042	293.200032	293.200022	293.200042	9.54264414e-006	0	0	0.364519	0	0	3
13	11	0	0.255760259	293.200044	293.200033	293.200022	293.200044	1.04997515e-005	0	0	0.367	0	0	3
14	12	0	0.275434125	293.200046	293.200034	293.200022	293.200046	1.14416587e-005	0	0	0.36966	0	0	3
15	13	0	0.295107991	293.200047	293.200035	293.200022	293.200047	1.23508495e-005	0	0	0.370485	0	0	3
16	14	0	0.314781857	293.200049	293.200036	293.200022	293.200049	1.32689925e-005	0	0	0.376271	0	0	3
17	14	0	0.334455723	293.200051	293.200036	293.200022	293.200051	1.41708731e-005	0	0	0.380116	0	0	3
18	15	0	0.354129589	293.200052	293.200037	293.200022	293.200052	1.50424718e-005	0	0	0.377692	0	0	3
19	16	0	0.373803455	293.200053	293.200038	293.200022	293.200053	1.58852999e-005	0	0	0.368969	0	0	3
20	16	0	0.393477321	293.200055	293.200039	293.200022	293.200055	1.67141359e-005	0	0	0.362267	0	0	3
21	17	0	0.413151187	293.200059	293.20004	293.200022	293.200059	1.76714806e-005	0	0	0.353122	0	0	3
22	18	0	0.432825053	293.200067	293.200041	293.200022	293.200067	1.88891158e-005	0	0	0.342069	0	0	3
23	18	0	0.452498919	293.200079	293.200043	293.200022	293.200079	2.05446402e-005	0	0	0.322633	0	0	3
24	19	0	0.472172785	293.200098	293.200045	293.200022	293.200098	2.28604932e-005	0	0	0.297194	0	0	3
25	20	0	0.491846651	293.200126	293.200048	293.200022	293.200126	2.60957776e-005	0	0	0.275353	0	0	3
26	20	0	0.511520517	293.200194	293.200054	293.200022	293.200194	3.17128013e-005	0	0	0.266504	0	0	3
27	21	0	0.531194383	293.200288	293.200064	293.200024	293.200288	4.10257906e-005	0	0	0.264852	0	0	3
28	22	0	0.550868249	293.200404	293.200079	293.200026	293.200404	5.4791453e-005	0	0	0.258509	0	0	3
29	22	0	0.570542115	293.200535	293.200098	293.200027	293.200535	7.35905855e-005	0	0	0.251309	0	0	3
30	23	0	0.590215981	293.200678	293.200123	293.200029	293.200678	9.78702019e-005	0	0	0.243581	0	0	3
31	24	0	0.609889847	293.200908	293.200157	293.200031	293.200908	0.000130828795	0	0	0.234601	0	0	3
32	24	0	0.629563713	293.201126	293.200199	293.200033	293.201126	0.000172078832	0	0	0.235486	0	0	3
33	25	0	0.649237579	293.201319	293.200249	293.200034	293.201319	0.000220671759	0	0	0.236238	0	0	3
34	26	0	0.668911446	293.201487	293.200305	293.200036	293.201487	0.000275640314	0	0	0.239251	0	0	3
35	26	0	0.688585312	293.201633	293.200366	293.200038	293.201633	0.000336198408	0	0	0.235539	0	0	3
36	27	0	0.708259178	293.201818	293.200435	293.20004	293.201818	0.000403746489	0	0	0.232737	0	0	3
37	28	0	0.727933044	293.201939	293.200508	293.200042	293.201939	0.000475824451	0	0	0.224836	0	0	3
38	29	0	0.74760691	293.201968	293.200582	293.200044	293.201968	0.000548944529	0	0	0.223452	0	0	3
39	29	0	0.767280776	293.201875	293.200652	293.200046	293.201968	0.000618397398	0	0	0.221579	0	0	3
40	30	0	0.786954642	293.201705	293.200716	293.200047	293.201968	0.000681301511	0	0	0.217459	0	0	3
41	31	0	0.806628508	293.201507	293.200772	293.200049	293.201968	0.000736521898	0	0	0.213787	0	0	3
42	31	0	0.826302374	293.201397	293.200824	293.200051	293.201968	0.000787452292	0	0	0.210982	0	0	3
43	32	0	0.84597624	293.201329	293.200873	293.200052	293.201968	0.000835729585	0	0	0.20853	0	0	3
44	33	0	0.865650106	293.201283	293.20092	293.200053	293.201968	0.000882228527	0	0	0.206259	0	0	3
45	33	0	0.885323972	293.201249	293.200966	293.200055	293.201968	0.000927406273	0	0	0.204314	0	0	3
46	34	0	0.904997838	293.201232	293.201012	293.200059	293.201968	0.000971716243	0	0	0.203781	0	0	3
47	35	0	0.924671704	293.201224	293.201056	293.200067	293.201968	0.00101531989	0	0	0.202982	0	0	3
48	35	0	0.94434557	293.201218	293.201101	293.200079	293.201968	0.00105796183	0	0	0.202416	0	0	3
49	36	0	0.964019436	293.201212	293.201144	293.200098	293.201968	0.00109922472	0	0	0.202282	0	0	3
50	37	0	0.983693302	293.201204	293.201187	293.200126	293.201968	0.00113851894	0	0	0.201879	0	0	3
51	37	0	1.00336717	293.201186	293.201228	293.200194	293.201968	0.00117365479	5.82792481e-005	4.9	0.20152	0	0	3
52	38	0	1.02304103	293.20117	293.201265	293.200288	293.201968	0.00120096167	5.82792481e-005	4.8	0.201562	0	0	3
53	39	0	1.0427149	293.201167	293.201299	293.200404	293.201968	0.0012201772	5.82792481e-005	4.7	0.201256	0	0	3
54	39	0	1.06238877	293.201168	293.201328	293.200535	293.201968	0.00122999447	5.82792481e-005	4.7	0.201042	0	0	3
55	40	0	1.08206263	293.201167	293.201353	293.200678	293.201968	0.00122926304	5.82792481e-005	4.7	0.201129	0	0	3
56	41	0	1.1017365	293.201168	293.201372	293.200908	293.201968	0.00106070984	5.82792481e-005	5.4	0.200965	0	0	3
57	41	0	1.12141036	293.201165	293.201381	293.201126	293.201968	0.000842260996	5.82792481e-005	6.9	0.201092	0	0	3
58	42	0	1.14108423	293.201168	293.201383	293.201165	293.201968	0.000802956752	5.82792481e-005	7.2	0.200948	0	0	3
59	43	0	1.1607581	293.201174	293.201377	293.201165	293.201968	0.000802956752	5.82792481e-005	7.2	0.201081	0	0	3
60	43	0	1.18043196	293.201184	293.201366	293.201165	293.201968	0.000802956752	5.82792481e-005	7.2	0.200966	0	0	3
61	44	0	1.20010583	293.201188	293.201349	293.201165	293.201968	0.000802956752	5.82792481e-005	7.2	0.201077	0	0	3
62	45	0	1.21977969	293.201196	293.201325	293.201165	293.201968	0.000802956752	5.82792481e-005	7.2	0.201078	0	0	3
63	45	0	1.23945356	293.201202	293.201296	293.201165	293.201968	0.000801320909	5.82792481e-005	7.2	0.201173	0	0	3
64	46	0	1.25912743	293.201203	293.201267	293.201165	293.201875	0.000709167998	5.82792481e-005	8.2	0.20116	0	0	3
65	47	0	1.27880129	293.201195	293.201241	293.201165	293.201705	0.000539751145	5.82792481e-005	10.7	0.201247	0	0	3
66	48	0	1.29847516	293.20119	293.201221	293.201165	293.201507	0.000341600084	5.82792481e-005	17	0.201279	0	0	3
67	48	0	1.31814903	293.201191	293.201209	293.201165	293.201397	0.00023159906	5.82792481e-005	25.1	0.201432	0	0	3
68	49	0	1.33782289	293.2012	293.201201	293.201165	293.201329	0.000163390912	5.82792481e-005	35.6	0.20146	0	0	3
69	50	0	1.35749676	293.20121	293.201197	293.201165	293.201283	0.000117664472	5.82792481e-005	49.5	0.201589	0	0	3
70	50	0	1.37717062	293.201222	293.201194	293.201165	293.201249	8.41461002e-005	5.82792481e-005	69.2	0.201615	0	0	3
71	51	0	1.39684449	293.201228	293.201194	293.201165	293.201232	6.63309958e-005	5.82792481e-005	87.8	0.201784	0	0	3
72	52	0	1.41651836	293.201227	293.201193	293.201165	293.201228	6.28227538e-005	5.82792481e-005	92.7	0.201817	0	0	3
73	53	0	1.43619222	293.201216	293.201193	293.201165	293.201228	6.28227538e-005	5.82792481e-005	92.7	0.201951	0	0	3
74	53	0	1.45586609	293.201208	293.201193	293.201165	293.201228	6.28227538e-005	5.82792481e-005	92.7	0.201975	0	0	3
75	54	0	1.47553995	293.201206	293.201192	293.201165	293.201228	6.28227538e-005	5.82792481e-005	92.7	0.202103	0	0	3
76	55	0	1.49521382	293.201211	293.201193	293.201165	293.201228	6.28227538e-005	5.82792481e-005	92.7	0.202084	0	0	3
77	55	0	1.51488769	293.201216	293.201194	293.201165	293.201228	6.28227538e-005	5.82792481e-005	92.7	0.202185	0	0	3
78	56	0	1.53456155	293.201223	293.201196	293.201165	293.201228	6.28227538e-005	5.82792481e-005	92.7	0.202144	0	0	3
79	57	0	1.55423542	293.201227	293.201198	293.201165	293.201228	6.28227538e-005	5.82792481e-005	92.7	0.202272	0	0	3
80	57	0	1.57390928	293.201227	293.2012	293.201165	293.201228	6.28227538e-005	5.82792481e-005	92.7	0.20223	0	0	3
81	58	0	1.59358315	293.201219	293.201202	293.201165	293.201228	6.28227538e-005	5.82792481e-005	92.7	0.20233	0	0	3
82	59	0	1.61325702	293.201212	293.201204	293.201165	293.201228	6.28227538e-005	5.82792481e-005	92.7	0.202286	0	0	3
83	59	0	1.63293088	293.201206	293.201206	293.201168	293.201228	6.04260046e-005	5.82792481e-005	96.4	0.20241	0	0	3
84	60	0	1.65260475	293.201207	293.201207	293.201174	293.201228	5.41283378e-005	5.82792481e-005	100	0.202371	0	0	3
